%% Combinacion X1-I1
clear
tic
Ybarra=[1.513797262172132-3.280725436725827i,-0.6922363643685578+1.623315154903764i,-0.5577769246362069+1.131742597461891i,0+0i,-0.2637777405458475+0.5260197014860392i,0+0i
        -0.6922363643685578+1.623315154903764i,2.900695635131148-5.035843801691109i,-0.1153905774676406+0.2471255493346494i,-1.953230768685968+2.929846156128729i,-0.1398404553241402+0.2356677080801222i,0+0i
        -0.5577769246362069+1.131742597461891i,-0.1153905774676406+0.2471255493346494i,2.787764180889709-4.613166181105922i,0+0i,-0.1613645059646685+0.3045891393779027i,-1.953230768685968+2.929846156128729i
        0+0i,-1.953230768685968+2.929846156128729i,0+0i,1.953230768685968-2.929846156128729i,0+0i,0+0i
        -0.2637777405458475+0.5260197014860392i,-0.1398404553241402+0.2356677080801222i,-0.1613645059646685+0.3045891393779027i,0+0i,0.5649776062940367-1.06619249317801i,0+0i
        0+0i,0+0i,-1.953230768685968+2.929846156128729i,0+0i,0+0i,1.953230768685968-2.929846156128729i];
C12=[1 1 0 0 0 0 0; 0 0 1 0 1 0 0; 0 0 0 1 0 0 1; 0 0 0 0 1 0 0;0 0 0 0 0 1 0; 0 0 0 0 0 0 1];
I_g=[9966 10356 11338 7353];
I_s=[15899 12002 8351];
Fp_g=[66.94 69.92 66.42 100];
Fp_s=[80 80 80];
Alfa_g=[0 0 -1.61 0.233];
Alfa_s=[-2.68 -3.16 -0.319];
V=[104; 104; 100; 102.4];
MatrizB;

Pc=667.643;
Sbase=2000;
Xs=[361.8705; 299.4964; 308.6331; 300; 10.8950*Sbase]/Sbase;
a=[0.0096 0.0100 0.0110 0.0110];
b=[6.4 7.9 7.5 7.5];
Pgmin=[50 50 50 50];
Pgmax=[600 400 400 400];
Despacho;
writematrix(Potencias,'Resultados.xlsx','Sheet','Matlab','Range','C2')

%% Combinacion X1-I2
clear
Ybarra=[1.513797262172132-3.280725436725827i,-0.6922363643685578+1.623315154903764i,-0.5577769246362069+1.131742597461891i,0+0i,-0.2637777405458475+0.5260197014860392i,0+0i
        -0.6922363643685578+1.623315154903764i,2.900695635131148-5.035843801691109i,-0.1153905774676406+0.2471255493346494i,-1.953230768685968+2.929846156128729i,-0.1398404553241402+0.2356677080801222i,0+0i
        -0.5577769246362069+1.131742597461891i,-0.1153905774676406+0.2471255493346494i,2.787764180889709-4.613166181105922i,0+0i,-0.1613645059646685+0.3045891393779027i,-1.953230768685968+2.929846156128729i
        0+0i,-1.953230768685968+2.929846156128729i,0+0i,1.953230768685968-2.929846156128729i,0+0i,0+0i
        -0.2637777405458475+0.5260197014860392i,-0.1398404553241402+0.2356677080801222i,-0.1613645059646685+0.3045891393779027i,0+0i,0.5649776062940367-1.06619249317801i,0+0i
        0+0i,0+0i,-1.953230768685968+2.929846156128729i,0+0i,0+0i,1.953230768685968-2.929846156128729i];
C12=[1 1 0 0 0 0 0; 0 0 1 0 1 0 0; 0 0 0 1 0 0 1; 0 0 0 0 1 0 0;0 0 0 0 0 1 0; 0 0 0 0 0 0 1];
Pc=1307.482;
I_g=[32216 20114 22303 22132];
I_s=[28396 24937 28616];
Fp_g=[9.43 94 94 94];
Fp_s=[80 80 80];
Alfa_g=[0 0 0.16 0.284];
Alfa_s=[-1.89 -6.09 -1.77];
V=[104; 104; 93.79; 94.52];
MatrizB;

Sbase=2000;
Xs=[361.8705; 299.4964; 308.6331; 300; 10.8950*Sbase]/Sbase;
a=[0.0096 0.0100 0.0110 0.0110];
b=[6.4 7.9 7.5 7.5];
Pgmin=[50 50 50 50];
Pgmax=[600 400 400 400];
Despacho;
writematrix(Potencias,'Resultados.xlsx','Sheet','Matlab','Range','C3')

%% Combinacion X1-I3
clear
Ybarra=[1.513797262172132-3.280725436725827i,-0.6922363643685578+1.623315154903764i,-0.5577769246362069+1.131742597461891i,0+0i,-0.2637777405458475+0.5260197014860392i,0+0i
        -0.6922363643685578+1.623315154903764i,2.900695635131148-5.035843801691109i,-0.1153905774676406+0.2471255493346494i,-1.953230768685968+2.929846156128729i,-0.1398404553241402+0.2356677080801222i,0+0i
        -0.5577769246362069+1.131742597461891i,-0.1153905774676406+0.2471255493346494i,2.787764180889709-4.613166181105922i,0+0i,-0.1613645059646685+0.3045891393779027i,-1.953230768685968+2.929846156128729i
        0+0i,-1.953230768685968+2.929846156128729i,0+0i,1.953230768685968-2.929846156128729i,0+0i,0+0i
        -0.2637777405458475+0.5260197014860392i,-0.1398404553241402+0.2356677080801222i,-0.1613645059646685+0.3045891393779027i,0+0i,0.5649776062940367-1.06619249317801i,0+0i
        0+0i,0+0i,-1.953230768685968+2.929846156128729i,0+0i,0+0i,1.953230768685968-2.929846156128729i];
C12=[1 1 0 0 0 0 0; 0 0 1 0 1 0 0; 0 0 0 1 0 0 1; 0 0 0 0 1 0 0;0 0 0 0 0 1 0; 0 0 0 0 0 0 1];
Pc=173.974;
I_g=[3544 3150 1633 1573];
I_s=[2552 3523 2650];
Fp_g=[64.52 51.09 100 100];
Fp_s=[80 80 80];
Alfa_g=[0 0 -0.077 -0.108];
Alfa_s=[-0.246 -0.881 -0.277];
V=[104; 104; 102.5; 106.4];
MatrizB;

Sbase=2000;
Xs=[361.8705; 299.4964; 308.6331; 300; 10.8950*Sbase]/Sbase;
a=[0.0096 0.0100 0.0110 0.0110];
b=[6.4 7.9 7.5 7.5];
Pgmin=[1 1 1 1];
Pgmax=[600 400 400 400];
Despacho;
writematrix(Potencias,'Resultados.xlsx','Sheet','Matlab','Range','C4')

%% Combinacion X1-I4 (igual a X1-I1)
clear
Ybarra=[1.513797262172132-3.280725436725827i,-0.6922363643685578+1.623315154903764i,-0.5577769246362069+1.131742597461891i,0+0i,-0.2637777405458475+0.5260197014860392i,0+0i
        -0.6922363643685578+1.623315154903764i,2.900695635131148-5.035843801691109i,-0.1153905774676406+0.2471255493346494i,-1.953230768685968+2.929846156128729i,-0.1398404553241402+0.2356677080801222i,0+0i
        -0.5577769246362069+1.131742597461891i,-0.1153905774676406+0.2471255493346494i,2.787764180889709-4.613166181105922i,0+0i,-0.1613645059646685+0.3045891393779027i,-1.953230768685968+2.929846156128729i
        0+0i,-1.953230768685968+2.929846156128729i,0+0i,1.953230768685968-2.929846156128729i,0+0i,0+0i
        -0.2637777405458475+0.5260197014860392i,-0.1398404553241402+0.2356677080801222i,-0.1613645059646685+0.3045891393779027i,0+0i,0.5649776062940367-1.06619249317801i,0+0i
        0+0i,0+0i,-1.953230768685968+2.929846156128729i,0+0i,0+0i,1.953230768685968-2.929846156128729i];
C12=[1 1 0 0 0 0 0; 0 0 1 0 1 0 0; 0 0 0 1 0 0 1; 0 0 0 0 1 0 0;0 0 0 0 0 1 0; 0 0 0 0 0 0 1];
Pc=667.643;
I_g=[9966 10356 11338 7353];
I_s=[15899 12002 8351];
Fp_g=[66.94 69.92 66.42 100];
Fp_s=[80 80 80];
Alfa_g=[0 0 -1.61 0.233];
Alfa_s=[-2.68 -3.16 -0.319];
V=[104; 104; 100; 102.4];
MatrizB;

Sbase=2000;
Xs=[361.8705; 299.4964; 308.6331; 300; 10.8950*Sbase]/Sbase;
a=[0.0096 0.0100 0.0110 0.0110];
b=[6.4 7.9 7.5 7.5];
Pgmin=[50 50 50 50];
Pgmax=[600 400 400 400];
Despacho;
writematrix(Potencias,'Resultados.xlsx','Sheet','Matlab','Range','C5')

%% Combinacion X2-I1 (Gen3 out)
clear
Ybarra=[1.513797262172132-3.280725436725827i,-0.6922363643685578+1.623315154903764i,-0.5577769246362069+1.131742597461891i,0+0i,-0.2637777405458475+0.5260197014860392i,0+0i
        -0.6922363643685578+1.623315154903764i,2.900695635131148-5.035843801691109i,-0.1153905774676406+0.2471255493346494i,-1.953230768685968+2.929846156128729i,-0.1398404553241402+0.2356677080801222i,0+0i
        -0.5577769246362069+1.131742597461891i,-0.1153905774676406+0.2471255493346494i,2.787764180889709-4.613166181105922i,0+0i,-0.1613645059646685+0.3045891393779027i,-1.953230768685968+2.929846156128729i
        0+0i,-1.953230768685968+2.929846156128729i,0+0i,1.953230768685968-2.929846156128729i,0+0i,0+0i
        -0.2637777405458475+0.5260197014860392i,-0.1398404553241402+0.2356677080801222i,-0.1613645059646685+0.3045891393779027i,0+0i,0.5649776062940367-1.06619249317801i,0+0i
        0+0i,0+0i,-1.953230768685968+2.929846156128729i,0+0i,0+0i,1.953230768685968-2.929846156128729i];
C12=[1 1 0 0 0 0 0; 0 0 1 0 1 0 0; 0 0 0 1 0 0 1; 0 0 0 0 1 0 0;0 0 0 0 0 1 0; 0 0 0 0 0 0 1];
Pc=667.643;
I_g=[9966 10356 11338 7353];
I_s=[15899 12002 8351];
Fp_g=[66.94 69.92 66.42 100];
Fp_s=[80 80 80];
Alfa_g=[0 0 -1.61 0.233];
Alfa_s=[-2.68 -3.16 -0.319];
V=[104; 104; 100; 102.4];
MatrizB;

Sbase=2000;
Xs=[361.8705; 299.4964; 308.6331; 300; 10.8950*Sbase]/Sbase;
a=[0.0096 0.0080 0.0110 0.0110];
b=[6.4 8 7.5 7.5];
Pgmin=[50 50 50 50];
Pgmax=[600 400 400 400];
Despacho;
writematrix(Potencias,'Resultados.xlsx','Sheet','Matlab','Range','C6')

%% Combinacion X2-I2 (Gen3 out)
clear
Ybarra=[1.513797262172132-3.280725436725827i,-0.6922363643685578+1.623315154903764i,-0.5577769246362069+1.131742597461891i,0+0i,-0.2637777405458475+0.5260197014860392i,0+0i
        -0.6922363643685578+1.623315154903764i,2.900695635131148-5.035843801691109i,-0.1153905774676406+0.2471255493346494i,-1.953230768685968+2.929846156128729i,-0.1398404553241402+0.2356677080801222i,0+0i
        -0.5577769246362069+1.131742597461891i,-0.1153905774676406+0.2471255493346494i,2.787764180889709-4.613166181105922i,0+0i,-0.1613645059646685+0.3045891393779027i,-1.953230768685968+2.929846156128729i
        0+0i,-1.953230768685968+2.929846156128729i,0+0i,1.953230768685968-2.929846156128729i,0+0i,0+0i
        -0.2637777405458475+0.5260197014860392i,-0.1398404553241402+0.2356677080801222i,-0.1613645059646685+0.3045891393779027i,0+0i,0.5649776062940367-1.06619249317801i,0+0i
        0+0i,0+0i,-1.953230768685968+2.929846156128729i,0+0i,0+0i,1.953230768685968-2.929846156128729i];
C12=[1 1 0 0 0 0 0; 0 0 1 0 1 0 0; 0 0 0 1 0 0 1; 0 0 0 0 1 0 0;0 0 0 0 0 1 0; 0 0 0 0 0 0 1];
Pc=1307.482;
I_g=[32216 20114 22303 22132];
I_s=[28396 24937 28616];
Fp_g=[9.43 94 94 94];
Fp_s=[80 80 80];
Alfa_g=[0 0 0.16 0.284];
Alfa_s=[-1.89 -6.09 -1.77];
V=[104; 104; 93.79; 94.52];
MatrizB;

Sbase=2000;
Xs=[361.8705; 299.4964; 308.6331; 300; 10.8950*Sbase]/Sbase;
a=[0.0096 0.0080 0.0110 0.0110];
b=[6.4 8 7.5 7.5];
Pgmin=[50 50 50 50];
Pgmax=[600 400 400 400];
Despacho;
writematrix(Potencias,'Resultados.xlsx','Sheet','Matlab','Range','C7')

%% Combinacion X2-I3 (Gen3 out)
clear
Ybarra=[1.513797262172132-3.280725436725827i,-0.6922363643685578+1.623315154903764i,-0.5577769246362069+1.131742597461891i,0+0i,-0.2637777405458475+0.5260197014860392i,0+0i
        -0.6922363643685578+1.623315154903764i,2.900695635131148-5.035843801691109i,-0.1153905774676406+0.2471255493346494i,-1.953230768685968+2.929846156128729i,-0.1398404553241402+0.2356677080801222i,0+0i
        -0.5577769246362069+1.131742597461891i,-0.1153905774676406+0.2471255493346494i,2.787764180889709-4.613166181105922i,0+0i,-0.1613645059646685+0.3045891393779027i,-1.953230768685968+2.929846156128729i
        0+0i,-1.953230768685968+2.929846156128729i,0+0i,1.953230768685968-2.929846156128729i,0+0i,0+0i
        -0.2637777405458475+0.5260197014860392i,-0.1398404553241402+0.2356677080801222i,-0.1613645059646685+0.3045891393779027i,0+0i,0.5649776062940367-1.06619249317801i,0+0i
        0+0i,0+0i,-1.953230768685968+2.929846156128729i,0+0i,0+0i,1.953230768685968-2.929846156128729i];
C12=[1 1 0 0 0 0 0; 0 0 1 0 1 0 0; 0 0 0 1 0 0 1; 0 0 0 0 1 0 0;0 0 0 0 0 1 0; 0 0 0 0 0 0 1];
Pc=173.974;
I_g=[3544 3150 1633 1573];
I_s=[2552 3523 2650];
Fp_g=[64.52 51.09 100 100];
Fp_s=[80 80 80];
Alfa_g=[0 0 -0.077 -0.108];
Alfa_s=[-0.246 -0.881 -0.277];
V=[104; 104; 102.5; 106.4];
MatrizB;

Sbase=2000;
Xs=[361.8705; 299.4964; 308.6331; 300; 10.8950*Sbase]/Sbase;
a=[0.0096 0.0080 0.0110 0.0110];
b=[6.4 8 7.5 7.5];
Pgmin=[1 1 1 1];
Pgmax=[600 400 400 400];
Despacho;
writematrix(Potencias,'Resultados.xlsx','Sheet','Matlab','Range','C8')

%% Combinacion X2-I4 (igual a X2-I1) (Gen3 out)
clear
Ybarra=[1.513797262172132-3.280725436725827i,-0.6922363643685578+1.623315154903764i,-0.5577769246362069+1.131742597461891i,0+0i,-0.2637777405458475+0.5260197014860392i,0+0i
        -0.6922363643685578+1.623315154903764i,2.900695635131148-5.035843801691109i,-0.1153905774676406+0.2471255493346494i,-1.953230768685968+2.929846156128729i,-0.1398404553241402+0.2356677080801222i,0+0i
        -0.5577769246362069+1.131742597461891i,-0.1153905774676406+0.2471255493346494i,2.787764180889709-4.613166181105922i,0+0i,-0.1613645059646685+0.3045891393779027i,-1.953230768685968+2.929846156128729i
        0+0i,-1.953230768685968+2.929846156128729i,0+0i,1.953230768685968-2.929846156128729i,0+0i,0+0i
        -0.2637777405458475+0.5260197014860392i,-0.1398404553241402+0.2356677080801222i,-0.1613645059646685+0.3045891393779027i,0+0i,0.5649776062940367-1.06619249317801i,0+0i
        0+0i,0+0i,-1.953230768685968+2.929846156128729i,0+0i,0+0i,1.953230768685968-2.929846156128729i];
C12=[1 1 0 0 0 0 0; 0 0 1 0 1 0 0; 0 0 0 1 0 0 1; 0 0 0 0 1 0 0;0 0 0 0 0 1 0; 0 0 0 0 0 0 1];
Pc=667.643;
I_g=[9966 10356 11338 7353];
I_s=[15899 12002 8351];
Fp_g=[66.94 69.92 66.42 100];
Fp_s=[80 80 80];
Alfa_g=[0 0 -1.61 0.233];
Alfa_s=[-2.68 -3.16 -0.319];
V=[104; 104; 100; 102.4];
MatrizB;

Sbase=2000;
Xs=[361.8705; 299.4964; 308.6331; 300; 10.8950*Sbase]/Sbase;
a=[0.0096 0.0080 0.0110 0.0110];
b=[6.4 8 7.5 7.5];
Pgmin=[50 50 50 50];
Pgmax=[600 400 400 400];
Despacho;
writematrix(Potencias,'Resultados.xlsx','Sheet','Matlab','Range','C9')

%% Combinacion X3-I1 (Gen4 out)
clear
Ybarra=[1.363859903840977-2.766236971462023i,-0.58362001904807+1.210428129089375i,-0.4828231538921927+0.9540584467918264i,-0.2974072510731053+0.6021359003109439i,0+0i
	-0.58362001904807+1.210428129089375i,2.783362003657218-4.601147256287668i,-0.07955351796446317+0.1448448334610742i,-0.166955966949543+0.3161705882266128i,-1.953230768685968+2.929846156128729i
	-0.4828231538921927+0.9540584467918264i,-0.07955351796446317+0.1448448334610742i,0.656253155391193-1.23578539877902i,-0.09388240042941326+0.1369489890662783i,0+0i
	-0.2974072510731053+0.6021359003109439i,-0.166955966949543+0.3161705882266128i,-0.09388240042941326+0.1369489890662783i,0.5582403359807382-1.055166200770309i,0+0i
	0+0i,-1.953230768685968+2.929846156128729i,0+0i,0+0i,1.953230768685968-2.929846156128729i];
C12= [1 1 1 0 0 0 0
	 0 0 0 1 0 0 1
	 0 0 0 0 1 0 0
	 0 0 0 0 0 1 0
	 0 0 0 0 0 0 1];
Pc=626.896;
I_g=[9461 10541 10541 7428];
I_s=[15022 11821 8266];
Fp_g=[58.69 68.69 68.69 100];
Fp_s=[80 80 80];
Alfa_g=[0 0 0 0.136];
Alfa_s=[-3.6 -3.4 -0.416];
V=[104; 104; 104; 101.4];
MatrizB;

Sbase=2000;
Xs=[361.8705; 299.4964; 308.6331; 300; 10.8950*Sbase]/Sbase;
a=[0.0096 0.0080 0.0100 0.0110];
b=[6.4 8 7.9 7.5];
Pgmin=[50 50 50 50];
Pgmax=[600 400 400 400];
Despacho;
writematrix(Potencias,'Resultados.xlsx','Sheet','Matlab','Range','C10')

%% Combinacion X3-I2 (Gen4 out)
clear
Ybarra=[1.363859903840977-2.766236971462023i,-0.58362001904807+1.210428129089375i,-0.4828231538921927+0.9540584467918264i,-0.2974072510731053+0.6021359003109439i,0+0i
	-0.58362001904807+1.210428129089375i,2.783362003657218-4.601147256287668i,-0.07955351796446317+0.1448448334610742i,-0.166955966949543+0.3161705882266128i,-1.953230768685968+2.929846156128729i
	-0.4828231538921927+0.9540584467918264i,-0.07955351796446317+0.1448448334610742i,0.656253155391193-1.23578539877902i,-0.09388240042941326+0.1369489890662783i,0+0i
	-0.2974072510731053+0.6021359003109439i,-0.166955966949543+0.3161705882266128i,-0.09388240042941326+0.1369489890662783i,0.5582403359807382-1.055166200770309i,0+0i
	0+0i,-1.953230768685968+2.929846156128729i,0+0i,0+0i,1.953230768685968-2.929846156128729i];
C12=	[1 1 1 0 0 0 0
	 0 0 0 1 0 0 1
	 0 0 0 0 1 0 0
	 0 0 0 0 0 1 0
	 0 0 0 0 0 0 1];
Pc=1210.611;
I_g=[32665 20114 20114 22403];
I_s=[26133 24435 28270];
Fp_g=[1.65 94 94 94];
Fp_s=[80 80 80];
Alfa_g=[0 0 0 -0.331];
Alfa_s=[-6.56 -7.26 -2.38];
V=[104; 104; 104; 93.37];
MatrizB;

Sbase=2000;
Xs=[361.8705; 299.4964; 308.6331; 300; 10.8950*Sbase]/Sbase;
a=[0.0096 0.0080 0.0100 0.0110];
b=[6.4 8 7.9 7.5];
Pgmin=[50 50 50 50];
Pgmax=[600 400 400 400];
Despacho;
writematrix(Potencias,'Resultados.xlsx','Sheet','Matlab','Range','C11')

%% Combinacion X3-I3 (Gen4 out)
clear
Ybarra=[1.363859903840977-2.766236971462023i,-0.58362001904807+1.210428129089375i,-0.4828231538921927+0.9540584467918264i,-0.2974072510731053+0.6021359003109439i,0+0i
	-0.58362001904807+1.210428129089375i,2.783362003657218-4.601147256287668i,-0.07955351796446317+0.1448448334610742i,-0.166955966949543+0.3161705882266128i,-1.953230768685968+2.929846156128729i
	-0.4828231538921927+0.9540584467918264i,-0.07955351796446317+0.1448448334610742i,0.656253155391193-1.23578539877902i,-0.09388240042941326+0.1369489890662783i,0+0i
	-0.2974072510731053+0.6021359003109439i,-0.166955966949543+0.3161705882266128i,-0.09388240042941326+0.1369489890662783i,0.5582403359807382-1.055166200770309i,0+0i
	0+0i,-1.953230768685968+2.929846156128729i,0+0i,0+0i,1.953230768685968-2.929846156128729i];
C12=	[1 1 1 0 0 0 0
	 0 0 0 1 0 0 1
	 0 0 0 0 1 0 0
	 0 0 0 0 0 1 0
	 0 0 0 0 0 0 1];
Pc=173.423;
I_g=[2911 2422 2422 1574];
I_s=[2543 3519 2648];
Fp_g=[78.29 66.43 66.43 100];
Fp_s=[80 80 80];
Alfa_g=[0 0 0 -0.195];
Alfa_s=[-0.698 -1.01 -0.363];
V=[104; 104; 104; 106.3];
MatrizB;

Sbase=2000;
Xs=[361.8705; 299.4964; 308.6331; 300; 10.8950*Sbase]/Sbase;
a=[0.0096 0.0080 0.0100 0.0110];
b=[6.4 8 7.9 7.5];
Pgmin=[1 1 1 1];
Pgmax=[600 400 400 400];
Despacho;
writematrix(Potencias,'Resultados.xlsx','Sheet','Matlab','Range','C12')

%% Combinacion X3-I4 (igual a X3-I1) (Gen4 out)
clear
Ybarra=[1.363859903840977-2.766236971462023i,-0.58362001904807+1.210428129089375i,-0.4828231538921927+0.9540584467918264i,-0.2974072510731053+0.6021359003109439i,0+0i
	-0.58362001904807+1.210428129089375i,2.783362003657218-4.601147256287668i,-0.07955351796446317+0.1448448334610742i,-0.166955966949543+0.3161705882266128i,-1.953230768685968+2.929846156128729i
	-0.4828231538921927+0.9540584467918264i,-0.07955351796446317+0.1448448334610742i,0.656253155391193-1.23578539877902i,-0.09388240042941326+0.1369489890662783i,0+0i
	-0.2974072510731053+0.6021359003109439i,-0.166955966949543+0.3161705882266128i,-0.09388240042941326+0.1369489890662783i,0.5582403359807382-1.055166200770309i,0+0i
	0+0i,-1.953230768685968+2.929846156128729i,0+0i,0+0i,1.953230768685968-2.929846156128729i];
C12=	[1 1 1 0 0 0 0
	 0 0 0 1 0 0 1
	 0 0 0 0 1 0 0
	 0 0 0 0 0 1 0
	 0 0 0 0 0 0 1];
Pc=626.896;
I_g=[9461 10541 10541 7428];
I_s=[15022 11821 8266];
Fp_g=[58.69 68.69 68.69 100];
Fp_s=[80 80 80];
Alfa_g=[0 0 0 0.136];
Alfa_s=[-3.6 -3.4 -0.416];
V=[104; 104; 104; 101.4];
MatrizB;

Sbase=2000;
Xs=[361.8705; 299.4964; 308.6331; 300; 10.8950*Sbase]/Sbase;
a=[0.0096 0.0080 0.0100 0.0110];
b=[6.4 8 7.9 7.5];
Pgmin=[50 50 50 50];
Pgmax=[600 400 400 400];
Despacho;
writematrix(Potencias,'Resultados.xlsx','Sheet','Matlab','Range','C13')

%% Combinacion X4-I1 (Gen5 out)
clear
Ybarra=[1.40637795680964-3.0056029175595i,-0.7141985356741056+1.683262196331431i,0+0i,-0.295311213744298+0.60028951521197i,-0.3968588980260387+0.7224352077478782i
	-0.7141985356741056+1.683262196331431i,2.896222244439903-5.022788384275521i,-1.953230768685968+2.929846156128729i,-0.1463171277802365+0.2518620629799145i,-0.08247753245378904+0.1579356339166743i
	0+0i,-1.953230768685968+2.929846156128729i,1.953230768685968-2.929846156128729i,0+0i,0+0i
	-0.295311213744298+0.60028951521197i,-0.1463171277802365+0.2518620629799145i,0+0i,0.5557727261956913-1.04616349976179i,-0.1141488958022426+0.1941047361037931i
	-0.3968588980260387+0.7224352077478782i,-0.08247753245378904+0.1579356339166743i,0+0i,-0.1141488958022426+0.1941047361037931i,0.5934822605719869-1.074385955315609i];
C12=	[1 1 1 0 0 0 0
	 0 0 0 1 1 0 0
	 0 0 0 0 1 0 0
	 0 0 0 0 0 1 0
	 0 0 0 0 0 0 1];
Pc=658.23;
I_g=[8128 8692 8692 11844];
I_s=[15899 11928 8173];
Fp_g=[80.63 83.31 83.31 63.58];
Fp_s=[80 80 80];
Alfa_g=[0 0 0 -2.08];
Alfa_s=[-3.16 -3.99 -2.87];
V=[104; 104; 104; 100];
MatrizB;

Sbase=2000;
Xs=[361.8705; 299.4964; 308.6331; 300; 10.8950*Sbase]/Sbase;
a=[0.0096 0.0080 0.0100 0.0110];
b=[6.4 8 7.9 7.5];
Pgmin=[50 50 50 50];
Pgmax=[600 400 400 400];
Despacho;
writematrix(Potencias,'Resultados.xlsx','Sheet','Matlab','Range','C14')

%% Combinacion X4-I2 (Gen5 out)
clear
Ybarra=[1.40637795680964-3.0056029175595i,-0.7141985356741056+1.683262196331431i,0+0i,-0.295311213744298+0.60028951521197i,-0.3968588980260387+0.7224352077478782i
	-0.7141985356741056+1.683262196331431i,2.896222244439903-5.022788384275521i,-1.953230768685968+2.929846156128729i,-0.1463171277802365+0.2518620629799145i,-0.08247753245378904+0.1579356339166743i
	0+0i,-1.953230768685968+2.929846156128729i,1.953230768685968-2.929846156128729i,0+0i,0+0i
	-0.295311213744298+0.60028951521197i,-0.1463171277802365+0.2518620629799145i,0+0i,0.5557727261956913-1.04616349976179i,-0.1141488958022426+0.1941047361037931i
	-0.3968588980260387+0.7224352077478782i,-0.08247753245378904+0.1579356339166743i,0+0i,-0.1141488958022426+0.1941047361037931i,0.5934822605719869-1.074385955315609i];
C12=	[1 1 1 0 0 0 0
	 0 0 0 1 1 0 0
	 0 0 0 0 1 0 0
	 0 0 0 0 0 1 0
	 0 0 0 0 0 0 1];
Pc=1181.317;
I_g=[32650 20114 20114 22585];
I_s=[28042 24147 25679];
Fp_g=[0.06 94 94 94];
Fp_s=[80 80 80];
Alfa_g=[0 0 0 -0.451];
Alfa_s=[-2.5 -7.67 -7.34];
V=[104; 104; 104; 92.62];
MatrizB;

Sbase=2000;
Xs=[361.8705; 299.4964; 308.6331; 300; 10.8950*Sbase]/Sbase;
a=[0.0096 0.0080 0.0100 0.0110];
b=[6.4 8 7.9 7.5];
Pgmin=[50 50 50 50];
Pgmax=[600 400 400 400];
Despacho;
writematrix(Potencias,'Resultados.xlsx','Sheet','Matlab','Range','C15')

%% Combinacion X4-I3 (Gen5 out)
clear
Ybarra=[1.40637795680964-3.0056029175595i,-0.7141985356741056+1.683262196331431i,0+0i,-0.295311213744298+0.60028951521197i,-0.3968588980260387+0.7224352077478782i
	-0.7141985356741056+1.683262196331431i,2.896222244439903-5.022788384275521i,-1.953230768685968+2.929846156128729i,-0.1463171277802365+0.2518620629799145i,-0.08247753245378904+0.1579356339166743i
	0+0i,-1.953230768685968+2.929846156128729i,1.953230768685968-2.929846156128729i,0+0i,0+0i
	-0.295311213744298+0.60028951521197i,-0.1463171277802365+0.2518620629799145i,0+0i,0.5557727261956913-1.04616349976179i,-0.1141488958022426+0.1941047361037931i
	-0.3968588980260387+0.7224352077478782i,-0.08247753245378904+0.1579356339166743i,0+0i,-0.1141488958022426+0.1941047361037931i,0.5934822605719869-1.074385955315609i];
C12=	[1 1 1 0 0 0 0
	 0 0 0 1 1 0 0
	 0 0 0 0 1 0 0
	 0 0 0 0 0 1 0
	 0 0 0 0 0 0 1];
Pc=173.19;
I_g=[2910 2423 2423 1634];
I_s=[2550 3517 2637];
Fp_g=[78.24 66.4 66.4 100];
Fp_s=[80 80 80];
Alfa_g=[0 0 0 -0.164];
Alfa_s=[-0.333 -1.06 -0.816];
V=[104; 104; 104; 102.4];
MatrizB;

Sbase=2000;
Xs=[361.8705; 299.4964; 308.6331; 300; 10.8950*Sbase]/Sbase;
a=[0.0096 0.0080 0.0100 0.0110];
b=[6.4 8 7.9 7.5];
Pgmin=[1 1 1 1];
Pgmax=[600 400 400 400];
Despacho;
writematrix(Potencias,'Resultados.xlsx','Sheet','Matlab','Range','C16')

%% Combinacion X4-I4 (igual a X4-1I1) (Gen5 out)
clear
Ybarra=[1.40637795680964-3.0056029175595i,-0.7141985356741056+1.683262196331431i,0+0i,-0.295311213744298+0.60028951521197i,-0.3968588980260387+0.7224352077478782i
	-0.7141985356741056+1.683262196331431i,2.896222244439903-5.022788384275521i,-1.953230768685968+2.929846156128729i,-0.1463171277802365+0.2518620629799145i,-0.08247753245378904+0.1579356339166743i
	0+0i,-1.953230768685968+2.929846156128729i,1.953230768685968-2.929846156128729i,0+0i,0+0i
	-0.295311213744298+0.60028951521197i,-0.1463171277802365+0.2518620629799145i,0+0i,0.5557727261956913-1.04616349976179i,-0.1141488958022426+0.1941047361037931i
	-0.3968588980260387+0.7224352077478782i,-0.08247753245378904+0.1579356339166743i,0+0i,-0.1141488958022426+0.1941047361037931i,0.5934822605719869-1.074385955315609i];
C12=	[1 1 1 0 0 0 0
	 0 0 0 1 1 0 0
	 0 0 0 0 1 0 0
	 0 0 0 0 0 1 0
	 0 0 0 0 0 0 1];
Pc=658.23;
I_g=[8128 8692 8692 11844];
I_s=[15899 11928 8173];
Fp_g=[80.63 83.31 83.31 63.58];
Fp_s=[80 80 80];
Alfa_g=[0 0 0 -2.08];
Alfa_s=[-3.16 -3.99 -2.87];
V=[104; 104; 104; 100];
MatrizB;

Sbase=2000;
Xs=[361.8705; 299.4964; 308.6331; 300; 10.8950*Sbase]/Sbase;
a=[0.0096 0.0080 0.0100 0.0110];
b=[6.4 8 7.9 7.5];
Pgmin=[50 50 50 50];
Pgmax=[600 400 400 400];
Despacho;
writematrix(Potencias,'Resultados.xlsx','Sheet','Matlab','Range','C17')

%% Combinacion X5-I1 - (Todos los gens ON)
clear
Ybarra=[1.513797262172132-3.280725436725827i,-0.6922363643685578+1.623315154903764i,-0.5577769246362069+1.131742597461891i,0+0i,-0.2637777405458475+0.5260197014860392i,0+0i
        -0.6922363643685578+1.623315154903764i,2.900695635131148-5.035843801691109i,-0.1153905774676406+0.2471255493346494i,-1.953230768685968+2.929846156128729i,-0.1398404553241402+0.2356677080801222i,0+0i
        -0.5577769246362069+1.131742597461891i,-0.1153905774676406+0.2471255493346494i,2.787764180889709-4.613166181105922i,0+0i,-0.1613645059646685+0.3045891393779027i,-1.953230768685968+2.929846156128729i
        0+0i,-1.953230768685968+2.929846156128729i,0+0i,1.953230768685968-2.929846156128729i,0+0i,0+0i
        -0.2637777405458475+0.5260197014860392i,-0.1398404553241402+0.2356677080801222i,-0.1613645059646685+0.3045891393779027i,0+0i,0.5649776062940367-1.06619249317801i,0+0i
        0+0i,0+0i,-1.953230768685968+2.929846156128729i,0+0i,0+0i,1.953230768685968-2.929846156128729i];
C12=	[1 1 1 0 0 0 0 0
	 0 0 0 1 0 1 0 0
	 0 0 0 0 1 0 0 1
	 0 0 0 0 0 1 0 0
	 0 0 0 0 0 0 1 0
	 0 0 0 0 0 0 0 1];
Pc=665.853;
I_g=[7024 7459 7459 11096 5906];
I_s=[15899 11989 8316];
Fp_g=[74.32 77.66 77.66 54.29 100];
Fp_s=[80 80 80];
Alfa_g=[0 0 0 -2.21 -0.365];
Alfa_s=[-3.29 -3.46 -0.917];
V=[104; 104; 104; 100; 102];
MatrizB;

Sbase=2000;
a=[0.0096 0.0080 0.0100 0.0110 0.0110];
b=[6.4 8 7.9 7.5 7.5];
Xs=[361.8705; 299.4964; 308.6331; 300;300; 10.8950*Sbase]/Sbase;
Pgmin=[50 50 50 50 50];
Pgmax=[600 400 400 400 400];
Despacho;
writematrix(Potencias,'Resultados.xlsx','Sheet','Matlab','Range','C18')

%% Combinacion X5-I2 - (Todos los gens ON)
clear
Ybarra=[1.513797262172132-3.280725436725827i,-0.6922363643685578+1.623315154903764i,-0.5577769246362069+1.131742597461891i,0+0i,-0.2637777405458475+0.5260197014860392i,0+0i
        -0.6922363643685578+1.623315154903764i,2.900695635131148-5.035843801691109i,-0.1153905774676406+0.2471255493346494i,-1.953230768685968+2.929846156128729i,-0.1398404553241402+0.2356677080801222i,0+0i
        -0.5577769246362069+1.131742597461891i,-0.1153905774676406+0.2471255493346494i,2.787764180889709-4.613166181105922i,0+0i,-0.1613645059646685+0.3045891393779027i,-1.953230768685968+2.929846156128729i
        0+0i,-1.953230768685968+2.929846156128729i,0+0i,1.953230768685968-2.929846156128729i,0+0i,0+0i
        -0.2637777405458475+0.5260197014860392i,-0.1398404553241402+0.2356677080801222i,-0.1613645059646685+0.3045891393779027i,0+0i,0.5649776062940367-1.06619249317801i,0+0i
        0+0i,0+0i,-1.953230768685968+2.929846156128729i,0+0i,0+0i,1.953230768685968-2.929846156128729i];
C12=	[1 1 1 0 0 0 0 0
	 0 0 0 1 0 1 0 0
	 0 0 0 0 1 0 0 1
	 0 0 0 0 0 1 0 0
	 0 0 0 0 0 0 1 0
	 0 0 0 0 0 0 0 1];
Pc=1355.759;
I_g=[9739 17955 17955 21271 21056];
I_s=[28971 25206 29258];
Fp_g=[11.44 84.24 84.24 77.28 77.31];
Fp_s=[80 80 80];
Alfa_g=[0 0 0 -2.36 -2.86];
Alfa_s=[-4.41 -7.51 -4.91];
V=[104; 104; 104; 95.69; 96.64];
MatrizB;

Sbase=2000;
a=[0.0096 0.0080 0.0100 0.0110 0.0110];
b=[6.4 8 7.9 7.5 7.5];
Xs=[361.8705; 299.4964; 308.6331; 300;300; 10.8950*Sbase]/Sbase;
Pgmin=[50 50 50 50 50];
Pgmax=[600 400 400 400 400];
Despacho;
writematrix(Potencias,'Resultados.xlsx','Sheet','Matlab','Range','C19')

%% Combinacion X5-I3 - (Todos los gens ON)
clear
Ybarra=[1.513797262172132-3.280725436725827i,-0.6922363643685578+1.623315154903764i,-0.5577769246362069+1.131742597461891i,0+0i,-0.2637777405458475+0.5260197014860392i,0+0i
        -0.6922363643685578+1.623315154903764i,2.900695635131148-5.035843801691109i,-0.1153905774676406+0.2471255493346494i,-1.953230768685968+2.929846156128729i,-0.1398404553241402+0.2356677080801222i,0+0i
        -0.5577769246362069+1.131742597461891i,-0.1153905774676406+0.2471255493346494i,2.787764180889709-4.613166181105922i,0+0i,-0.1613645059646685+0.3045891393779027i,-1.953230768685968+2.929846156128729i
        0+0i,-1.953230768685968+2.929846156128729i,0+0i,1.953230768685968-2.929846156128729i,0+0i,0+0i
        -0.2637777405458475+0.5260197014860392i,-0.1398404553241402+0.2356677080801222i,-0.1613645059646685+0.3045891393779027i,0+0i,0.5649776062940367-1.06619249317801i,0+0i
        0+0i,0+0i,-1.953230768685968+2.929846156128729i,0+0i,0+0i,1.953230768685968-2.929846156128729i];
C12=	[1 1 1 0 0 0 0 0
	 0 0 0 1 0 1 0 0
	 0 0 0 0 1 0 0 1
	 0 0 0 0 0 1 0 0
	 0 0 0 0 0 0 1 0
	 0 0 0 0 0 0 0 1];
Pc=173.71;
I_g=[2665 2218 2218 1308 1260];
I_s=[2550 3521 2647];
Fp_g=[73.53 58.04 58.04 100 100];
Fp_s=[80 80 80];
Alfa_g=[0 0 0 -0.185 -0.233];
Alfa_s=[-0.353 -0.942 -0.402];
V=[104; 104; 104; 102.4; 106.3];
MatrizB;

Sbase=2000;
a=[0.0096 0.0080 0.0100 0.0110 0.0110];
b=[6.4 8 7.9 7.5 7.5];
Xs=[361.8705; 299.4964; 308.6331; 300;300; 10.8950*Sbase]/Sbase;
Pgmin=[1 1 1 1 1];
Pgmax=[600 400 400 400 400];
Despacho;
writematrix(Potencias,'Resultados.xlsx','Sheet','Matlab','Range','C20')

%% Combinacion X5-I4 - (Todos los gens ON)
clear
Ybarra=[1.513797262172132-3.280725436725827i,-0.6922363643685578+1.623315154903764i,-0.5577769246362069+1.131742597461891i,0+0i,-0.2637777405458475+0.5260197014860392i,0+0i
        -0.6922363643685578+1.623315154903764i,2.900695635131148-5.035843801691109i,-0.1153905774676406+0.2471255493346494i,-1.953230768685968+2.929846156128729i,-0.1398404553241402+0.2356677080801222i,0+0i
        -0.5577769246362069+1.131742597461891i,-0.1153905774676406+0.2471255493346494i,2.787764180889709-4.613166181105922i,0+0i,-0.1613645059646685+0.3045891393779027i,-1.953230768685968+2.929846156128729i
        0+0i,-1.953230768685968+2.929846156128729i,0+0i,1.953230768685968-2.929846156128729i,0+0i,0+0i
        -0.2637777405458475+0.5260197014860392i,-0.1398404553241402+0.2356677080801222i,-0.1613645059646685+0.3045891393779027i,0+0i,0.5649776062940367-1.06619249317801i,0+0i
        0+0i,0+0i,-1.953230768685968+2.929846156128729i,0+0i,0+0i,1.953230768685968-2.929846156128729i];
C12=	[1 1 1 0 0 0 0 0
	 0 0 0 1 0 1 0 0
	 0 0 0 0 1 0 0 1
	 0 0 0 0 0 1 0 0
	 0 0 0 0 0 0 1 0
	 0 0 0 0 0 0 0 1];
Pc=665.853;
I_g=[7024 7459 7459 11096 5906];
I_s=[15899 11989 8316];
Fp_g=[74.32 77.66 77.66 54.29 100];
Fp_s=[80 80 80];
Alfa_g=[0 0 0 -2.21 -0.365];
Alfa_s=[-3.29 -3.46 -0.917];
V=[104; 104; 104; 100; 102];
MatrizB;

Sbase=2000;
a=[0.0096 0.0080 0.0100 0.0110 0.0110];
b=[6.4 8 7.9 7.5 7.5];
Xs=[361.8705; 299.4964; 308.6331; 300;300; 10.8950*Sbase]/Sbase;
Pgmin=[50 50 50 50 50];
Pgmax=[600 400 400 400 400];
Despacho;
writematrix(Potencias,'Resultados.xlsx','Sheet','Matlab','Range','C21')
toc